[
[[34,321],[50.5648,319.248],[51.6843,329.83],[35.1195,331.582]],
[[35,334],[52.916,336.34],[51.8679,344.364],[33.9519,342.024]],
[[39,290],[57.9591,288.741],[58.7791,301.091],[39.82,302.35]],
[[39,383],[53.9822,383.914],[53.456,392.538],[38.4738,391.624]],
[[43,267],[58.5801,265.192],[59.7753,275.493],[44.1952,277.301]],
[[43,364],[60.3776,362.994],[61.0925,375.34],[43.7149,376.346]],
[[43,397],[62.1645,394.85],[62.9335,401.706],[43.769,403.856]],
[[45,281],[60.3179,282.157],[59.8342,288.561],[44.5162,287.404]],
[[48,303],[59.8918,305.348],[58.1864,313.985],[46.2945,311.637]],
[[49,348],[62.1452,348.799],[61.3617,361.696],[48.2165,360.897]],
[[52,253],[67.075,252.562],[67.3976,263.671],[52.3226,264.109]],
[[52,317],[67.6459,317.334],[67.4612,325.974],[51.8153,325.64]],
[[54,406],[66.3965,407.84],[65.3182,415.105],[52.9217,413.266]],
[[54,441],[68.3815,441.609],[67.9476,451.859],[53.566,451.25]],
[[55,332],[67.9965,333.152],[67.4593,339.213],[54.4628,338.061]],
[[55,420],[68.9991,421.679],[68.0752,429.383],[54.076,427.704]],
[[58,234],[72.849,231.039],[74.0796,237.21],[59.2306,240.171]],
[[58,429],[67.4089,429.567],[66.9617,436.987],[57.5528,436.42]],
[[58,467],[77.1609,464.85],[78.2093,474.195],[59.0484,476.345]],
[[60,377],[71.1483,377.542],[70.8339,384.01],[59.6856,383.468]],
[[62,303],[73.1414,302.692],[73.3751,311.14],[62.2337,311.448]],
[[62,457],[77.8582,454.07],[79.1927,461.291],[63.3345,464.222]],
[[63,267],[75.3669,266.201],[75.8572,273.789],[63.4904,274.588]],
[[64,341],[78.2854,337.304],[81.4551,349.554],[67.1697,353.25]],
[[65,221],[82.138,220.717],[82.3034,230.715],[65.1654,230.999]],
[[65,476],[82.2475,477.069],[81.6691,486.398],[64.4216,485.329]],
[[67,356],[84.4652,357.512],[83.8735,364.348],[66.4082,362.836]],
[[68,277],[81.8588,275.303],[82.8768,283.615],[69.0181,285.312]],
[[68,384],[83.2893,386.457],[81.3719,398.389],[66.0827,395.932]],
[[69,254],[85.1845,256.484],[83.6725,266.336],[67.488,263.853]],
[[70,209],[86.9998,209.895],[86.4977,219.437],[69.4979,218.542]],
[[70,435],[86.6572,435.361],[86.4101,446.764],[69.753,446.403]],
[[71,239],[84.4232,237.793],[85.4995,249.767],[72.0763,250.974]],
[[71,489],[88.6573,489.506],[88.3987,498.523],[70.7414,498.017]],
[[72,290],[86.0101,291.413],[84.777,303.638],[70.7668,302.224]],
[[74,420],[87.653,422.948],[85.25,434.076],[71.597,431.128]],
[[75,197],[89.4569,197.042],[89.4336,205.082],[74.9768,205.04]],
[[75,367],[91.2389,367.706],[90.9037,375.41],[74.6649,374.704]],
[[77,408],[92.767,410.125],[91.2055,421.712],[75.4385,419.587]],
[[78,314],[91.7492,314.101],[91.6909,322.066],[77.9417,321.965]],
[[82,514],[99.4502,513.523],[99.7334,523.875],[82.2832,524.353]],
[[83,185],[95.9539,184.581],[96.3021,195.348],[83.3483,195.767]],
[[83,376],[99.2268,376.437],[98.9845,385.438],[82.7577,385.002]],
[[84,323],[100.267,323.051],[100.234,333.685],[83.9666,333.634]],
[[86,348],[98.5701,346.968],[99.5749,359.201],[87.0048,360.233]],
[[87,246],[97.4612,245.486],[97.9896,256.229],[87.5284,256.744]],
[[87,308],[103.629,306.831],[104.055,312.897],[87.4265,314.066]],
[[87,335],[100.863,334.212],[101.298,341.863],[87.4347,342.651]],
[[87,401],[101.301,403.077],[100.18,410.797],[85.8787,408.719]],
[[87,443],[97.6185,441.795],[98.9303,453.354],[88.3117,454.559]],
[[88,220],[103.154,217.675],[104.544,226.736],[89.3898,229.061]],
[[88,292],[104.292,291.745],[104.374,296.996],[88.0823,297.251]],
[[88,456],[99.5306,454.299],[100.978,464.106],[89.447,465.807]],
[[89,276],[98.9767,276.752],[98.3391,285.215],[88.3623,284.463]],
[[89,392],[99.5586,393.848],[98.0877,402.251],[87.5291,400.403]],
[[89,500],[98.674,499.365],[99.2471,508.088],[89.5731,508.724]],
[[90,173],[104.957,172.182],[105.334,179.079],[90.377,179.896]],
[[90,196],[107.29,197.069],[106.375,211.882],[89.0845,210.813]],
[[91,299],[107.346,299.557],[107.126,306.006],[90.7801,305.448]],
[[91,469],[104.24,472.063],[101.66,483.214],[88.42,480.151]],
[[91,483],[103.868,483.329],[103.549,495.819],[90.6807,495.49]],
[[93,426],[108.809,429.199],[106.534,440.437],[90.7259,437.238]],
[[95,165],[112.875,164.463],[113.086,171.498],[95.2111,172.034]],
[[95,258],[111.283,257.558],[111.649,271.041],[95.3663,271.484]],
[[95,362],[108.552,362.938],[107.765,374.308],[94.2131,373.37]],
[[98,233],[113.244,233.058],[113.2,244.513],[97.9562,244.455]],
[[99,250],[112.476,248.021],[113.341,253.911],[99.8649,255.89]],
[[99,500],[114.295,499.322],[114.649,507.309],[99.3542,507.988]],
[[100,520],[115.667,517.328],[117.699,529.243],[102.032,531.915]],
[[101,278],[114.348,277.666],[114.636,289.173],[101.288,289.507]],
[[101,377],[118.191,378.815],[117.337,386.907],[100.146,385.093]],
[[103,314],[117.983,314.238],[117.819,324.571],[102.836,324.332]],
[[103,346],[114.761,347.02],[114.108,354.546],[102.347,353.526]],
[[103,442],[113.835,441.643],[114.244,454.038],[103.409,454.396]],
[[103,457],[116.656,455.487],[117.723,465.112],[104.067,466.626]],
[[103,534],[119.943,534.968],[119.444,543.713],[102.5,542.745]],
[[105,333],[119.233,334.499],[118.226,344.059],[103.993,342.56]],
[[105,477],[118.743,474.928],[120.328,485.438],[106.584,487.509]],
[[107,400],[118.027,399.841],[118.147,408.14],[107.12,408.299]],
[[108,195],[121.175,195.739],[120.361,210.246],[107.186,209.507]],
[[109,410],[122.926,411.513],[121.584,423.858],[107.659,422.345]],
[[109,488],[123.19,487.514],[123.541,497.749],[109.351,498.236]],
[[110,181],[123.947,180.882],[124.015,188.97],[110.068,189.088]],
[[110,221],[122.302,219.585],[123.367,228.845],[111.065,230.26]],
[[110,544],[125.809,545.016],[124.991,557.737],[109.182,556.721]],
[[111,149],[127.889,147.842],[128.718,159.929],[111.829,161.088]],
[[111,388],[125.707,386.893],[126.58,398.491],[111.873,399.598]],
[[111,428],[126.151,424.683],[128.109,433.624],[112.958,436.941]],
[[112,292],[128.316,292.465],[128.072,301.033],[111.756,300.568]],
[[113,256],[123.073,257.395],[121.934,265.621],[111.861,264.226]],
[[113,355],[129.145,354.168],[129.709,365.102],[113.564,365.935]],
[[114,167],[129.77,168.189],[128.938,179.232],[113.167,178.043]],
[[114,245],[127.051,243.768],[127.963,253.428],[114.912,254.66]],
[[114,368],[131.793,369.936],[130.922,377.944],[113.129,376.008]],
[[116,233],[129.559,231.108],[131.008,241.495],[117.449,243.387]],
[[116,271],[132.283,271.068],[132.241,281.188],[115.958,281.12]],
[[116,508],[129.398,508.307],[129.234,515.491],[115.835,515.183]],
[[118,301],[131.997,301.84],[131.359,312.472],[117.362,311.632]],
[[118,436],[130.934,436.615],[130.307,449.813],[117.373,449.198]],
[[118,516],[132.134,516.051],[132.104,524.341],[117.97,524.29]],
[[120,341],[136.619,343.176],[135.295,353.285],[118.676,351.109]],
[[120,471],[135.259,470.779],[135.413,481.398],[120.154,481.619]],
[[123,254],[136.924,252.695],[138.26,266.953],[124.336,268.258]],
[[123,326],[134.651,329.91],[131.447,339.458],[119.796,335.548]],
[[123,459],[138.79,461.915],[137.247,470.275],[121.457,467.36]],
[[124,452],[137.477,453.873],[136.566,460.427],[123.089,458.555]],
[[125,130],[138.465,130.99],[137.549,143.449],[124.084,142.458]],
[[125,379],[136.642,378.767],[136.798,386.564],[125.156,386.797]],
[[125,559],[140.342,558.279],[140.805,568.126],[125.463,568.847]],
[[128,485],[139.288,483.536],[140.477,492.702],[129.189,494.166]],
[[128,497],[145.75,496.74],[145.82,501.491],[128.07,501.751]],
[[129,146],[140.375,145.495],[140.745,153.84],[129.371,154.345]],
[[129,196],[143.117,192.812],[144.758,200.076],[130.64,203.264]],
[[129,209],[148.393,208.616],[148.588,218.475],[129.195,218.858]],
[[129,220],[141.819,220.175],[141.719,227.474],[128.9,227.299]],
[[129,319],[141.8,318.419],[142.189,326.998],[129.389,327.579]],
[[130,356],[143.031,354.098],[144.534,364.393],[131.502,366.295]],
[[131,237],[149.593,233.372],[151.483,243.055],[132.89,246.684]],
[[131,418],[147.427,420.086],[146.643,426.261],[130.216,424.175]],
[[131,503],[145.035,503.628],[144.774,509.471],[130.739,508.842]],
[[131,538],[144.7,541.466],[142.136,551.6],[128.436,548.134]],
[[132,308],[146.592,309.684],[145.674,317.643],[131.082,315.959]],
[[133,160],[147.147,160.959],[146.769,166.543],[132.622,165.584]],
[[133,297],[146.473,295.914],[147.196,304.885],[133.723,305.97]],
[[134,441],[148.751,438.496],[150.352,447.931],[135.602,450.435]],
[[134,510],[147.961,510.432],[147.734,517.756],[133.773,517.324]],
[[135,281],[152.761,280.897],[152.817,290.626],[135.057,290.73]],
[[135,405],[151.36,405.768],[150.957,414.345],[134.597,413.578]],
[[135,520],[147.722,519.298],[148.416,531.878],[135.694,532.58]],
[[136,119],[148.666,121.477],[146.672,131.675],[134.006,129.199]],
[[136,428],[151.187,425.782],[152.621,435.597],[137.434,437.815]],
[[137,375],[150.681,375.003],[150.678,388.035],[136.997,388.032]],
[[138,341],[157.496,340.437],[157.806,351.196],[138.311,351.759]],
[[138,392],[152.735,391.575],[153.073,403.29],[138.338,403.715]],
[[138,468],[154.037,468.327],[153.85,477.474],[137.813,477.147]],
[[140,259],[155.363,258.436],[155.608,265.098],[140.245,265.662]],
[[140,450],[151.274,448.614],[152.135,455.618],[140.861,457.004]],
[[141,167],[152.579,171.035],[149.394,180.176],[137.815,176.141]],
[[141,183],[158.114,183.35],[157.928,192.415],[140.815,192.065]],
[[142,268],[155.599,267.515],[155.899,275.908],[142.299,276.393]],
[[142,558],[155.92,558.329],[155.777,564.368],[141.857,564.039]],
[[143,572],[156.283,572.189],[156.11,584.277],[142.828,584.087]],
[[145,110],[160.829,108.78],[161.576,118.47],[145.747,119.69]],
[[146,354],[156.929,351.272],[159.573,361.864],[148.644,364.592]],
[[147,542],[161.135,540.523],[162.725,555.735],[148.59,557.212]],
[[148,194],[162.641,193.214],[163.285,205.206],[148.644,205.992]],
[[148,244],[159.663,243.218],[160.077,249.394],[148.414,250.176]],
[[148,293],[161.421,290.592],[162.86,298.611],[149.439,301.019]],
[[148,318],[165.028,318.74],[164.646,327.521],[147.618,326.781]],
[[148,365],[160.337,362.44],[161.845,369.706],[149.508,372.266]],
[[148,485],[162.616,487.064],[161.188,497.182],[146.571,495.118]],
[[149,137],[164.999,136.014],[165.503,144.197],[149.504,145.183]],
[[149,149],[165.684,148.676],[165.903,159.958],[149.219,160.282]],
[[149,304],[162.423,303.594],[162.813,316.496],[149.39,316.902]],
[[149,327],[164.637,329.038],[163.293,339.353],[147.656,337.316]],
[[150,210],[164.934,210.554],[164.605,219.396],[149.672,218.842]],
[[150,225],[162.799,224.049],[163.154,228.823],[150.355,229.774]],
[[150,232],[164.241,229.778],[165.881,240.289],[151.64,242.511]],
[[150,527],[163.203,526.447],[163.556,534.859],[150.353,535.413]],
[[151,458],[162.63,454.815],[164.5,461.645],[152.87,464.83]],
[[152,121],[163.55,121.245],[163.331,131.572],[151.781,131.327]],
[[153,445],[167.282,444.956],[167.303,451.65],[153.021,451.694]],
[[153,587],[169.603,586.828],[169.694,595.653],[153.092,595.825]],
[[154,432],[171.998,431.207],[172.48,442.148],[154.482,442.941]],
[[154,500],[169.067,499.159],[169.539,507.619],[154.472,508.459]],
[[156,165],[171.742,165.707],[171.182,178.178],[155.44,177.471]],
[[157,266],[172.12,265.838],[172.18,271.451],[157.06,271.613]],
[[157,514],[173.913,513.906],[173.959,522.164],[157.046,522.257]],
[[158,254],[171.194,254.167],[171.068,264.102],[157.874,263.935]],
[[158,397],[173.901,394.858],[175.12,403.905],[159.219,406.048]],
[[158,568],[170.564,567.784],[170.712,576.389],[158.148,576.605]],
[[160,274],[173.771,272.416],[175.052,283.551],[161.28,285.134]],
[[160,478],[173.918,478.796],[173.558,485.087],[159.64,484.291]],
[[161,413],[170.802,412.472],[171.308,421.869],[161.506,422.397]],
[[162,376],[176.807,377.473],[175.812,387.475],[161.005,386.002]],
[[163,557],[176.577,556.784],[176.734,566.624],[163.157,566.84]],
[[165,104],[180.227,106.136],[179.049,114.529],[163.823,112.393]],
[[165,285],[176.744,285.255],[176.503,296.38],[164.759,296.125]],
[[165,463],[182.529,463.86],[181.916,476.345],[164.387,475.485]],
[[165,528],[179.583,528.055],[179.546,538.08],[164.962,538.025]],
[[166,128],[180.681,129.137],[180.083,136.863],[165.402,135.726]],
[[166,139],[178.706,137.872],[179.288,144.429],[166.582,145.557]],
[[166,362],[182.025,362.456],[181.783,370.971],[165.757,370.515]],
[[167,180],[182.178,181.905],[180.787,192.986],[165.609,191.081]],
[[167,214],[181.503,212.872],[182.32,223.378],[167.817,224.507]],
[[167,331],[180.597,331.075],[180.56,337.858],[166.963,337.783]],
[[168,148],[181.654,148.427],[181.387,156.944],[167.734,156.518]],
[[168,235],[182.101,236.762],[181.172,244.196],[167.071,242.434]],
[[168,298],[180.582,297.155],[181.33,308.29],[168.747,309.135]],
[[168,323],[180.605,324.27],[179.974,330.537],[167.368,329.266]],
[[170,195],[184.422,196.349],[183.402,207.253],[168.98,205.904]],
[[170,351],[185.756,348.695],[187.248,358.892],[171.492,361.197]],
[[170,498],[184.506,498.574],[184.132,508.025],[169.626,507.451]],
[[171,413],[188.789,411.619],[189.676,423.051],[171.887,424.432]],
[[171,449],[182.508,450.605],[181.132,460.47],[169.624,458.865]],
[[171,492],[187.279,493.037],[186.927,498.55],[170.649,497.513]],
[[173,260],[188.16,257.904],[188.768,262.301],[173.608,264.398]],
[[173,568],[187.912,567.702],[188.106,577.431],[173.194,577.729]],
[[173,580],[189.261,580.325],[189.081,589.317],[172.82,588.992]],
[[173,589],[188.171,589.455],[187.876,599.297],[172.705,598.842]],
[[174,439],[187.581,440.014],[186.85,449.801],[173.269,448.788]],
[[174,599],[186.373,599.826],[185.666,610.424],[173.293,609.598]],
[[175,170],[185.57,170.992],[184.591,181.432],[174.02,180.441]],
[[175,309],[191.645,310.187],[190.892,320.747],[174.247,319.56]],
[[176,340],[190.132,338.591],[190.911,346.408],[176.779,347.816]],
[[177,247],[189.729,246.674],[189.913,253.888],[177.185,254.214]],
[[177,269],[193.669,270.702],[192.631,280.865],[175.962,279.163]],
[[177,509],[193.277,508.232],[193.559,514.208],[177.282,514.976]],
[[179,398],[189.9,397.452],[190.378,406.981],[179.479,407.528]],
[[179,539],[190.883,539.109],[190.797,548.478],[178.914,548.37]],
[[180,225],[194.765,227.253],[193.221,237.367],[178.457,235.113]],
[[180,282],[192.551,281.037],[193.074,287.849],[180.523,288.812]],
[[180,429],[193.995,428.305],[194.404,436.541],[180.409,437.237]],
[[180,515],[192.641,516.47],[191.734,524.269],[179.093,522.799]],
[[180,556],[193.724,555.3],[194.054,561.767],[180.33,562.467]],
[[181,102],[196.618,101.196],[197.203,112.552],[181.584,113.356]],
[[181,480],[196.442,480.936],[195.864,490.467],[180.422,489.531]],
[[182,135],[196.016,135.344],[195.805,143.939],[181.789,143.596]],
[[182,325],[198.089,326.46],[197.105,337.309],[181.016,335.849]],
[[182,456],[194.228,456.591],[193.882,463.736],[181.655,463.145]],
[[183,88],[196.053,88.8455],[195.529,96.9227],[182.477,96.0772]],
[[184,209],[198.074,208.161],[198.672,218.191],[184.598,219.03]],
[[184,381],[198.598,382.181],[197.581,394.744],[182.984,393.563]],
[[185,119],[201.781,120.26],[201.117,129.115],[184.335,127.856]],
[[185,160],[200.026,159.718],[200.231,170.652],[185.205,170.934]],
[[185,183],[199.895,184.141],[199.341,191.374],[184.446,190.233]],
[[186,172],[200.932,171.789],[201.068,181.388],[186.136,181.599]],
[[186,465],[198.134,464.997],[198.137,473.345],[186.002,473.348]],
[[186,525],[201.156,523.676],[201.885,532.018],[186.729,533.342]],
[[188,77],[206.219,78.0361],[205.649,88.0617],[187.43,87.0256]],
[[188,291],[200.905,290.62],[201.071,296.24],[188.166,296.621]],
[[189,443],[205.802,439.664],[207.987,450.671],[191.185,454.006]],
[[190,300],[206.387,300.633],[206.172,306.196],[189.785,305.563]],
[[190,356],[203.999,356.767],[203.4,367.704],[189.401,366.937]],
[[190,367],[203.49,367.803],[202.84,378.717],[189.35,377.914]],
[[190,593],[203.49,591.727],[204.976,607.469],[191.486,608.742]],
[[190,609],[205.251,610.643],[204.167,620.707],[188.916,619.064]],
[[191,199],[207.24,199.602],[206.953,207.334],[190.713,206.732]],
[[191,256],[200.966,255.209],[201.526,262.27],[191.561,263.061]],
[[191,400],[205.092,400.789],[204.513,411.134],[190.421,410.345]],
[[191,543],[200.855,542.358],[201.549,553.001],[191.694,553.643]],
[[194,144],[208.39,145.661],[206.914,158.442],[192.525,156.781]],
[[194,271],[206.851,272.474],[205.646,282.973],[192.796,281.498]],
[[194,306],[207.158,306.649],[206.653,316.883],[193.495,316.234]],
[[195,229],[209.84,231.346],[208.691,238.619],[193.85,236.273]],
[[195,413],[211.079,415.158],[209.948,423.586],[193.869,421.428]],
[[195,504],[210.945,504.816],[210.339,516.654],[194.394,515.838]],
[[196,243],[209.127,240.237],[211.067,249.455],[197.94,252.217]],
[[197,339],[210.189,340.252],[209.326,349.343],[196.137,348.091]],
[[198,328],[215.01,329.425],[214.335,337.481],[197.325,336.056]],
[[198,557],[211.548,558.615],[210.458,567.76],[196.91,566.145]],
[[199,390],[211.078,389.207],[211.652,397.948],[199.574,398.741]],
[[199,572],[212.221,571.249],[212.849,582.294],[199.628,583.046]],
[[201,105],[214.686,105.129],[214.587,115.612],[200.902,115.483]],
[[201,186],[217.013,186.142],[216.927,195.906],[200.913,195.764]],
[[201,285],[218.128,283.553],[219.372,298.282],[202.245,299.729]],
[[201,350],[214.63,350.799],[214.287,356.646],[200.657,355.847]],
[[202,430],[214.649,428.529],[215.552,436.295],[202.904,437.767]],
[[202,481],[218.303,481.097],[218.249,490.243],[201.946,490.146]],
[[203,129],[218.746,129.258],[218.593,138.587],[202.847,138.328]],
[[203,258],[216.72,256.028],[218.165,266.083],[204.445,268.055]],
[[203,317],[219.001,319.086],[217.787,328.397],[201.786,326.311]],
[[203,492],[217.142,491.782],[217.278,500.589],[203.136,500.807]],
[[204,118],[220.705,119.157],[220.151,127.159],[203.446,126.001]],
[[204,467],[220.099,467.71],[219.772,475.12],[203.673,474.41]],
[[205,165],[221.462,163.956],[221.929,171.33],[205.468,172.374]],
[[205,214],[217.721,211.72],[219.921,223.993],[207.2,226.273]],
[[205,453],[216.649,451.587],[217.387,457.67],[205.738,459.083]],
[[206,461],[219.939,460.321],[220.206,465.819],[206.268,466.497]],
[[207,173],[222.567,173.095],[222.518,181.026],[206.951,180.931]],
[[207,361],[221.215,360.417],[221.753,373.547],[207.538,374.13]],
[[207,587],[224.114,587.381],[223.981,593.357],[206.867,592.976]],
[[208,306],[224.297,306.29],[224.13,315.679],[207.833,315.389]],
[[208,400],[222.88,398.952],[223.453,407.09],[208.573,408.137]],
[[208,442],[224.148,442.029],[224.137,448.296],[207.989,448.267]],
[[208,544],[225.46,543.651],[225.637,552.485],[208.177,552.834]],
[[209,522],[227.648,519.385],[229.101,529.746],[210.453,532.361]],
[[209,535],[223.27,533.163],[224.356,541.597],[210.086,543.435]],
[[210,90],[221.987,88.1948],[223.766,100.007],[211.779,101.812]],
[[210,605],[223.49,605.075],[223.435,614.986],[209.945,614.911]],
[[212,416],[226.981,418.252],[225.817,425.99],[210.837,423.737]],
[[212,553],[232.733,553.92],[232.484,559.523],[211.751,558.603]],
[[213,76],[223.549,72.7864],[227.106,84.4618],[216.557,87.6754]],
[[213,504],[228.466,504.829],[227.911,515.192],[212.445,514.364]],
[[213,619],[229.712,620.065],[228.932,632.301],[212.22,631.235]],
[[214,245],[227.699,244.369],[228.162,254.437],[214.464,255.068]],
[[214,560],[227.184,560.587],[226.84,568.323],[213.656,567.736]],
[[215,153],[231.801,154.826],[230.841,163.658],[214.04,161.832]],
[[216,227],[231.366,224.366],[233.343,235.897],[217.977,238.531]],
[[217,104],[231.737,105.512],[230.717,115.455],[215.98,113.943]],
[[217,345],[233.037,345.838],[232.564,354.894],[216.527,354.056]],
[[218,381],[235.024,383.249],[233.615,393.907],[216.592,391.658]],
[[219,205],[233.613,204.575],[233.791,210.685],[219.178,211.111]],
[[219,573],[232.307,572.575],[232.704,584.995],[219.397,585.42]],
[[220,142],[236.713,144.272],[235.384,154.046],[218.671,151.774]],
[[220,191],[233.332,190.754],[233.534,201.688],[220.201,201.934]],
[[220,271],[235.192,268.898],[236.605,279.108],[221.413,281.21]],
[[221,480],[233.179,480.786],[232.52,490.98],[220.342,490.193]],
[[222,116],[235.871,116.171],[235.777,123.798],[221.906,123.627]],
[[223,125],[234.757,124.788],[234.91,133.239],[223.152,133.451]],
[[223,292],[240.612,294.032],[239.295,305.449],[221.683,303.418]],
[[223,428],[238.351,428.113],[238.319,432.474],[222.968,432.361]],
[[224,213],[235.181,214.546],[234.266,221.166],[223.085,219.62]],
[[225,322],[239.96,325.204],[237.572,336.351],[222.613,333.147]],
[[225,410],[238.698,410.148],[238.617,417.588],[224.92,417.44]],
[[225,450],[238.593,449.927],[238.631,456.93],[225.037,457.003]],
[[226,461],[239.74,459.164],[241.427,471.789],[227.687,473.625]],
[[227,78],[240.296,77.7555],[240.458,86.5205],[227.161,86.765]],
[[227,87],[242.677,90.8335],[239.699,103.01],[224.022,99.1768]],
[[227,306],[239.571,309.087],[237.578,317.202],[225.007,314.115]],
[[227,535],[242.754,536.337],[241.82,547.335],[226.066,545.998]],
[[227,586],[241.716,589.666],[239.505,598.544],[224.788,594.878]],
[[228,282],[242.324,281.853],[242.422,291.428],[228.098,291.576]],
[[228,362],[243.965,361.932],[244.004,371.061],[228.039,371.129]],
[[229,58],[242.05,63.2302],[238.419,72.29],[225.369,67.0598]],
[[229,246],[242.137,246.947],[241.438,256.644],[228.301,255.697]],
[[229,372],[242.217,371.379],[242.655,380.701],[229.438,381.321]],
[[229,599],[243.105,599.555],[242.746,608.674],[228.641,608.119]],
[[230,166],[242.877,168.496],[240.857,178.918],[227.98,176.421]],
[[230,337],[245.56,335.889],[246.086,343.25],[230.526,344.362]],
[[230,495],[243.533,494.951],[243.571,505.647],[230.038,505.696]],
[[232,437],[246.594,438.878],[245.426,447.95],[230.832,446.072]],
[[232,624],[244.28,624.096],[244.213,632.643],[231.933,632.547]],
[[233,561],[245.993,561.469],[245.568,573.238],[232.575,572.769]],
[[234,401],[249.12,402.899],[248.117,410.883],[232.997,408.984]],
[[234,475],[251.665,472.258],[253.253,482.49],[235.588,485.232]],
[[235,160],[250.534,161.285],[249.972,168.068],[234.439,166.783]],
[[235,348],[250.392,348.475],[250.058,359.312],[234.666,358.838]],
[[235,576],[249.008,576.87],[248.426,586.241],[234.418,585.371]],
[[236,132],[254.377,133.606],[253.417,144.591],[235.04,142.985]],
[[236,186],[250.315,183.099],[251.462,188.757],[237.147,191.658]],
[[236,388],[247.933,387.519],[248.333,397.426],[236.399,397.908]],
[[236,517],[253.765,516.644],[253.979,527.339],[236.215,527.696]],
[[236,547],[250.87,548.647],[249.842,557.932],[234.972,556.285]],
[[237,231],[248.072,231.116],[247.945,243.156],[236.874,243.04]],
[[237,261],[252.53,261.658],[252.388,265.01],[236.858,264.352]],
[[237,419],[249.791,417.015],[251.272,426.558],[238.481,428.544]],
[[238,218],[251.764,217.534],[252.056,226.148],[238.292,226.614]],
[[240,212],[250.036,211.639],[250.241,217.328],[240.205,217.689]],
[[241,124],[254.076,126.078],[252.924,133.324],[239.849,131.245]],
[[241,147],[253.879,146.45],[254.237,154.829],[241.358,155.379]],
[[242,62],[259.324,59.1397],[260.795,68.0474],[243.471,70.9077]],
[[242,76],[259.96,75.5108],[260.226,85.298],[242.267,85.7872]],
[[242,196],[257.571,195.207],[258.065,204.918],[242.495,205.711]],
[[242,311],[256.614,312.262],[255.986,319.533],[241.372,318.271]],
[[242,609],[260.267,610.206],[259.319,624.572],[241.052,623.366]],
[[243,103],[258.192,101.322],[259.51,113.255],[244.318,114.933]],
[[244,115],[265.086,114.782],[265.171,123.077],[244.086,123.295]],
[[244,172],[253.876,171.8],[254.089,182.318],[244.213,182.518]],
[[244,321],[259.168,319.976],[259.608,326.502],[244.44,327.525]],
[[244,428],[261.411,425.772],[262.501,434.289],[245.09,436.517]],
[[244,496],[261.91,495.872],[261.979,505.492],[244.069,505.62]],
[[245,268],[264.658,269.605],[263.943,278.361],[244.285,276.757]],
[[245,451],[259.065,452.314],[257.822,465.63],[243.756,464.316]],
[[245,536],[256.051,536.461],[255.599,547.311],[244.548,546.85]],
[[246,599],[259.338,600.972],[258.01,609.954],[244.672,607.982]],
[[248,562],[261.549,560.855],[262.448,571.489],[248.899,572.634]],
[[249,287],[265.047,286.649],[265.296,298.015],[249.249,298.367]],
[[249,376],[261.481,376.109],[261.392,386.271],[248.911,386.162]],
[[249,439],[264.346,439.428],[264.059,449.745],[248.712,449.317]],
[[249,485],[264.141,485.36],[263.938,493.901],[248.797,493.541]],
[[250,158],[262.691,155.65],[264.655,166.256],[251.964,168.606]],
[[250,303],[267.145,302.121],[267.546,309.952],[250.402,310.831]],
[[250,575],[268.906,573.85],[269.56,584.601],[250.654,585.751]],
[[250,587],[268.931,587.131],[268.883,593.988],[249.952,593.857]],
[[250,630],[267.786,630.552],[267.47,640.701],[249.685,640.148]],
[[251,88],[263.91,88.6355],[263.556,95.8465],[250.645,95.211]],
[[251,356],[265.324,358.613],[263.236,370.059],[248.912,367.447]],
[[251,415],[263.708,412.755],[265.399,422.324],[252.691,424.569]],
[[252,234],[266.152,234.052],[266.113,244.817],[251.961,244.765]],
[[253,246],[270.635,245.702],[270.822,256.756],[253.187,257.054]],
[[253,338],[268.16,339.432],[267.016,351.533],[251.857,350.1]],
[[254,209],[265.617,206.74],[267.879,218.368],[256.262,220.628]],
[[254,224],[270.479,222.734],[271.217,232.335],[254.738,233.601]],
[[254,511],[269.81,508.854],[271.416,520.686],[255.606,522.832]],
[[254,548],[272.948,546.911],[273.562,557.593],[254.614,558.682]],
[[255,136],[271.185,135.157],[271.499,141.196],[255.315,142.039]],
[[255,148],[267.094,147.823],[267.182,153.845],[255.088,154.022]],
[[256,526],[270.792,525.705],[270.953,533.805],[256.161,534.1]],
[[257,169],[272.315,170.445],[271.593,178.1],[256.278,176.655]],
[[257,401],[272.177,402.183],[271.425,411.824],[256.248,410.641]],
[[257,466],[272.743,468.136],[271.982,473.749],[256.238,471.613]],
[[258,535],[271.659,535.603],[271.256,544.717],[257.598,544.114]],
[[259,177],[269.181,178.234],[268.072,187.381],[257.892,186.147]],
[[259,328],[271.768,325.814],[273.394,335.312],[260.626,337.498]],
[[261,104],[277.551,102.227],[278.701,112.955],[262.15,114.728]],
[[262,617],[280.374,616.012],[280.939,626.512],[262.565,627.5]],
[[263,381],[278.021,378.804],[280.038,392.601],[265.017,394.797]],
[[263,602],[279.353,602.78],[278.875,612.793],[262.522,612.013]],
[[264,73],[281.851,72.4529],[282.112,80.9685],[264.261,81.5156]],
[[264,84],[281.435,82.062],[282.726,93.6817],[265.292,95.6197]],
[[265,57],[278.387,56.4239],[278.935,69.1575],[265.548,69.7335]],
[[265,260],[278.227,260.418],[277.979,268.277],[264.752,267.86]],
[[265,274],[276.406,273.737],[276.565,280.603],[265.158,280.866]],
[[265,425],[280.238,424.248],[280.724,434.096],[265.486,434.848]],
[[265,493],[279.418,494.415],[278.471,504.069],[264.052,502.653]],
[[266,157],[278.741,155.911],[279.686,166.96],[266.945,168.049]],
[[266,318],[281.782,320.927],[280.642,327.076],[264.86,324.149]],
[[266,449],[278.908,448.411],[279.319,457.43],[266.411,458.018]],
[[266,559],[283.172,559.716],[282.775,569.236],[265.603,568.52]],
[[267,209],[280.5,207.63],[281.661,219.076],[268.162,220.447]],
[[268,364],[286.2,364.344],[286.004,374.692],[267.804,374.348]],
[[268,481],[283.826,479.618],[284.743,490.121],[268.917,491.503]],
[[269,126],[281.602,124.332],[282.609,131.943],[270.007,133.61]],
[[269,194],[284.077,194.478],[283.826,202.391],[268.749,201.913]],
[[271,183],[286.924,180.662],[288.297,190.011],[272.372,192.349]],
[[272,142],[289.318,140.093],[290.379,149.727],[273.061,151.635]],
[[272,345],[286.895,342.758],[288.382,352.637],[273.487,354.879]],
[[272,645],[287.587,642.614],[289.489,655.038],[273.902,657.424]],
[[273,225],[286.906,223.972],[287.344,229.886],[273.437,230.914]],
[[273,234],[290.244,232.602],[290.81,239.581],[273.566,240.979]],
[[273,435],[288.076,435.071],[288.023,446.339],[272.947,446.268]],
[[273,462],[284.245,462.358],[283.862,474.389],[272.617,474.031]],
[[273,517],[286.483,516.82],[286.565,522.92],[273.082,523.1]],
[[274,333],[290.344,331.109],[291.284,339.238],[274.94,341.128]],
[[274,595],[286.419,595.82],[285.973,602.57],[273.554,601.75]],
[[275,296],[288.558,296.237],[288.342,308.538],[274.785,308.301]],
[[275,313],[287.651,311.26],[288.552,317.81],[275.901,319.549]],
[[275,526],[288.471,526.106],[288.41,533.811],[274.939,533.705]],
[[277,169],[291.399,167.575],[292.45,178.194],[278.051,179.619]],
[[277,269],[294.422,267.664],[294.994,275.118],[277.572,276.454]],
[[277,636],[292.446,636.321],[292.325,642.138],[276.879,641.817]],
[[278,279],[294.64,280.255],[293.818,291.156],[277.178,289.901]],
[[279,251],[292.624,249.406],[293.733,258.882],[280.108,260.476]],
[[280,110],[292.502,110.116],[292.423,118.588],[279.922,118.473]],
[[280,383],[296.609,382.569],[296.792,389.595],[280.182,390.026]],
[[280,500],[296.345,497.511],[297.832,507.275],[281.487,509.764]],
[[281,55],[297.025,53.7352],[297.869,64.4305],[281.844,65.6953]],
[[281,411],[296.699,413.61],[295.03,423.646],[279.331,421.036]],
[[281,424],[296.145,424.34],[295.923,434.212],[280.779,433.872]],
[[281,608],[295.177,607.342],[295.689,618.362],[281.512,619.02]],
[[282,319],[292.742,319.729],[291.987,330.853],[281.245,330.123]],
[[282,476],[296.384,476.319],[296.32,479.202],[281.936,478.883]],
[[282,536],[295.173,537.017],[294.588,544.603],[281.414,543.585]],
[[282,548],[297.996,548.089],[297.947,556.841],[281.951,556.751]],
[[282,578],[298.73,580.493],[297.137,591.181],[280.407,588.688]],
[[283,621],[301.471,618.932],[302.488,628.016],[284.017,630.084]],
[[284,94],[298.934,93.8857],[298.985,100.544],[284.051,100.659]],
[[284,448],[297.98,449.861],[297.052,456.829],[283.072,454.968]],
[[284,559],[300.839,558.128],[301.277,566.585],[284.438,567.457]],
[[285,76],[299.319,75.2282],[299.896,85.9309],[285.577,86.7027]],
[[285,193],[301.382,191.141],[302.256,198.847],[285.874,200.706]],
[[286,152],[299.976,153.378],[299.112,162.134],[285.137,160.757]],
[[286,214],[299.879,214.289],[299.738,221.056],[285.859,220.766]],
[[286,241],[299.489,241.74],[299.092,248.986],[285.603,248.247]],
[[286,391],[300.809,390.389],[301.228,400.544],[286.419,401.155]],
[[286,468],[302.627,468.146],[302.561,475.612],[285.934,475.466]],
[[286,570],[301.028,569.552],[301.281,578.017],[286.253,578.465]],
[[287,509],[300.215,508.029],[301.018,518.954],[287.803,519.925]],
[[288,201],[306.502,202.285],[305.849,211.692],[287.347,210.408]],
[[288,374],[305.691,372.467],[306.241,378.819],[288.551,380.353]],
[[290,180],[305.179,181.394],[304.31,190.856],[289.131,189.462]],
[[290,457],[298.26,457.412],[297.81,466.434],[289.55,466.021]],
[[292,66],[307.576,64.6108],[308.415,74.0131],[292.839,75.4023]],
[[292,138],[307.565,138.585],[307.267,146.527],[291.701,145.942]],
[[292,309],[310.974,310.726],[310.418,316.832],[291.445,315.105]],
[[292,401],[307.146,401.373],[306.879,412.199],[291.733,411.826]],
[[292,481],[307.051,482.06],[306.438,490.766],[291.387,489.706]],
[[292,521],[307.402,521.165],[307.335,527.487],[291.932,527.322]],
[[293,163],[305.55,161.706],[306.008,166.152],[293.458,167.446]],
[[293,638],[308.718,638.145],[308.612,649.672],[292.894,649.528]],
[[294,117],[307.519,117.641],[307.025,128.057],[293.506,127.416]],
[[294,228],[309.594,228.795],[309.018,240.109],[293.423,239.314]],
[[294,319],[309.431,318.439],[309.739,326.902],[294.308,327.463]],
[[296,110],[309.397,109.425],[309.681,116.056],[296.285,116.631]],
[[296,351],[309.086,352.964],[307.664,362.443],[294.577,360.479]],
[[296,594],[308.303,594.984],[307.714,602.34],[295.412,601.356]],
[[297,284],[310.058,285.69],[309.142,292.771],[296.084,291.081]],
[[297,437],[312.632,437.08],[312.595,444.384],[296.963,444.304]],
[[298,274],[313.927,274.971],[313.372,284.068],[297.446,283.097]],
[[298,418],[310.453,418.724],[309.935,427.649],[297.481,426.925]],
[[298,448],[313.167,446.395],[314.394,457.993],[299.227,459.597]],
[[298,535],[311.938,536.726],[310.662,547.032],[296.724,545.306]],
[[299,295],[317.011,293.962],[317.651,305.068],[299.64,306.106]],
[[302,388],[316.797,388.606],[316.439,397.337],[301.642,396.731]],
[[302,501],[314.37,502.305],[313.549,510.079],[301.18,508.774]],
[[303,84],[317.813,82.503],[318.624,90.5259],[303.811,92.0229]],
[[303,97],[314.039,94.0041],[315.789,100.451],[304.75,103.447]],
[[303,258],[319.567,260.342],[317.592,274.309],[301.025,271.967]],
[[304,54],[313.868,54.9431],[312.99,64.1243],[303.123,63.1812]],
[[304,609],[316.231,607.609],[317.411,617.98],[305.18,619.372]],
[[305,329],[322.029,327.808],[322.722,337.706],[305.693,338.898]],
[[305,562],[320.596,563.606],[319.656,572.737],[304.06,571.131]],
[[306,170],[319.663,170.543],[319.287,179.996],[305.625,179.454]],
[[306,341],[321.863,341.555],[321.587,349.442],[305.724,348.887]],
[[307,44],[323.008,45.0181],[322.421,54.2525],[306.413,53.2345]],
[[307,247],[321.921,245.807],[322.665,255.109],[307.744,256.302]],
[[307,461],[320.768,461.356],[320.561,469.367],[306.793,469.01]],
[[307,578],[321.434,579.629],[320.282,589.842],[305.847,588.214]],
[[308,199],[324.179,200.587],[323.058,212.013],[306.879,210.426]],
[[308,485],[322.145,484.664],[322.365,493.933],[308.22,494.268]],
[[308,511],[324.528,511.339],[324.202,527.263],[307.674,526.924]],
[[309,211],[322.229,212.484],[321.127,222.314],[307.898,220.83]],
[[309,363],[327.136,363.717],[326.795,372.362],[308.658,371.645]],
[[309,626],[326.5,627.203],[325.85,636.648],[308.351,635.445]],
[[310,351],[322.907,351.35],[322.688,359.404],[309.782,359.054]],
[[311,234],[322.609,232.601],[324.018,244.301],[312.41,245.699]],
[[311,527],[325.847,527.474],[325.546,536.899],[310.699,536.424]],
[[312,105],[326.647,100.814],[329.972,112.451],[315.326,116.637]],
[[312,192],[324.795,193.72],[323.966,199.885],[311.171,198.166]],
[[312,380],[331.181,377.669],[332.117,385.369],[312.936,387.7]],
[[312,428],[330.267,426.589],[331.038,436.565],[312.771,437.976]],
[[312,641],[328.772,641.646],[328.474,649.377],[311.702,648.73]],
[[313,182],[324.374,181.87],[324.471,190.373],[313.097,190.503]],
[[313,409],[325.569,408.149],[326.295,418.862],[313.725,419.713]],
[[313,537],[326.11,537.625],[325.898,542.073],[312.788,541.447]],
[[314,67],[329.924,70.4698],[327.467,81.7445],[311.543,78.2747]],
[[314,495],[324.802,494.095],[325.528,502.767],[314.726,503.672]],
[[315,154],[329.639,153.425],[330.028,163.336],[315.39,163.911]],
[[315,284],[330.987,287.666],[329.531,294.014],[313.544,290.348]],
[[315,438],[327.49,437.941],[327.546,449.928],[315.057,449.987]],
[[315,543],[330.34,543.586],[329.926,554.426],[314.586,553.839]],
[[316,91],[330.495,92.2985],[330.034,97.4458],[315.539,96.1473]],
[[317,470],[329.575,470.905],[328.846,481.041],[316.271,480.136]],
[[319,131],[334.616,133.54],[332.775,144.86],[317.159,142.321]],
[[319,596],[330.012,596.33],[329.692,607.023],[318.68,606.693]],
[[320,59],[335.233,58.2767],[335.538,64.7146],[320.306,65.4379]],
[[320,272],[335.017,271.834],[335.162,284.969],[320.145,285.135]],
[[321,123],[335.682,123.521],[335.397,131.543],[320.715,131.022]],
[[321,391],[335.944,394.241],[333.678,404.688],[318.734,401.447]],
[[322,302],[336.692,301.597],[336.927,310.171],[322.235,310.573]],
[[323,312],[338.671,311.91],[338.722,320.707],[323.051,320.797]],
[[324,45],[340.282,46.6518],[339.086,58.4425],[322.804,56.7907]],
[[324,452],[336.482,452.187],[336.366,459.926],[323.884,459.739]],
[[325,261],[340.976,261.943],[340.484,270.29],[324.507,269.347]],
[[325,485],[344.49,484.46],[344.707,492.293],[325.217,492.833]],
[[325,576],[338.468,577.251],[337.405,588.703],[323.936,587.452]],
[[326,332],[342.249,331.3],[342.615,339.793],[326.366,340.493]],
[[326,566],[341.597,565.635],[341.788,573.805],[326.191,574.17]],
[[327,185],[345.753,185.343],[345.65,190.953],[326.897,190.61]],
[[327,195],[344.834,195.953],[344.101,209.684],[326.267,208.731]],
[[327,230],[343.328,229.923],[343.376,239.912],[327.047,239.99]],
[[328,243],[339.989,244.776],[338.733,253.251],[326.744,251.475]],
[[328,625],[340.669,625.31],[340.459,633.88],[327.79,633.571]],
[[329,169],[340.497,170.107],[339.862,176.698],[328.366,175.592]],
[[330,211],[346.118,211.446],[345.994,215.926],[329.876,215.48]],
[[330,345],[348.058,347.224],[346.616,358.932],[328.558,356.708]],
[[330,415],[344.734,413.477],[345.972,425.453],[331.238,426.976]],
[[330,528],[340.734,530.413],[338.167,541.833],[327.433,539.42]],
[[331,100],[346.501,98.7515],[347.2,107.433],[331.699,108.681]],
[[331,111],[343.591,111.737],[342.973,122.287],[330.382,121.551]],
[[331,613],[346.702,613.118],[346.626,623.203],[330.924,623.086]],
[[332,159],[347.294,161.057],[346.035,170.42],[330.741,168.363]],
[[332,292],[349.496,293.604],[348.809,301.1],[331.313,299.496]],
[[332,431],[343.738,431.242],[343.558,439.946],[331.82,439.704]],
[[333,367],[350.899,367.178],[350.758,381.349],[332.859,381.171]],
[[333,442],[347.318,442.44],[347.081,450.162],[332.763,449.723]],
[[333,509],[346.538,511.902],[344.577,521.05],[331.039,518.148]],
[[334,92],[349.674,91.686],[349.81,98.4803],[334.136,98.7943]],
[[334,218],[349.963,219.344],[349.498,224.864],[333.535,223.52]],
[[334,321],[347.776,321.959],[347.152,330.926],[333.376,329.967]],
[[336,359],[349.147,359.495],[348.898,366.102],[335.751,365.607]],
[[337,74],[352.135,73.9532],[352.168,84.4545],[337.032,84.5012]],
[[337,152],[348.142,150.112],[349.4,157.532],[338.258,159.42]],
[[337,498],[351.705,499.051],[351.114,507.315],[336.409,506.264]],
[[337,555],[352.104,554.23],[352.572,563.421],[337.468,564.191]],
[[337,638],[348.434,638.975],[347.444,650.592],[336.009,649.616]],
[[338,271],[350.338,269.44],[351.487,278.535],[339.15,280.095]],
[[339,454],[354.945,452.947],[355.608,462.98],[339.663,464.033]],
[[340,53],[354.559,54.647],[353.382,65.0483],[338.823,63.4013]],
[[340,141],[353.488,140.138],[354.023,148.514],[340.535,149.375]],
[[340,466],[354.845,468.896],[353.318,476.725],[338.473,473.83]],
[[340,603],[357.437,603.418],[357.205,613.062],[339.769,612.643]],
[[341,66],[356.546,68.9656],[355.474,74.5816],[339.929,71.6159]],
[[341,246],[356.806,245.586],[357.074,255.835],[341.269,256.249]],
[[341,629],[354.417,629.014],[354.408,636.919],[340.992,636.905]],
[[342,257],[357.332,256.944],[357.363,265.524],[342.032,265.581]],
[[342,588],[355.565,587.89],[355.639,596.999],[342.074,597.109]],
[[343,304],[355.811,303.949],[355.848,313.211],[343.037,313.262]],
[[345,572],[360.211,570.645],[361.196,581.702],[345.985,583.057]],
[[346,430],[362.237,433.487],[360.405,442.017],[344.168,438.531]],
[[346,541],[359.406,540.647],[359.713,552.326],[346.308,552.679]],
[[347,180],[360.756,180.916],[360.009,192.133],[346.253,191.217]],
[[347,226],[359.759,226.379],[359.566,232.875],[346.807,232.496]],
[[347,400],[358.435,401.206],[357.126,413.616],[345.692,412.41]],
[[348,127],[359.375,127.757],[358.739,137.312],[347.364,136.555]],
[[348,238],[362.335,235.797],[363.518,243.497],[349.183,245.7]],
[[348,388],[364.318,388.105],[364.253,398.253],[347.935,398.148]],
[[348,482],[359.522,481.236],[360.215,491.686],[348.693,492.45]],
[[348,618],[360.849,620.701],[359.1,629.022],[346.251,626.322]],
[[349,165],[364.48,165.828],[363.886,176.935],[348.406,176.107]],
[[349,339],[364.689,338.967],[364.707,347.463],[349.018,347.496]],
[[350,103],[362.923,101.018],[364.681,112.483],[351.758,114.465]],
[[350,198],[362.479,199.757],[361.019,210.126],[348.54,208.368]],
[[350,525],[368.011,527.188],[366.503,539.603],[348.492,537.415]],
[[351,213],[367.556,213.531],[367.319,220.918],[350.763,220.387]],
[[352,86],[364.491,86.286],[364.258,96.4647],[351.767,96.1787]],
[[352,116],[365.793,115.413],[366.271,126.647],[352.478,127.234]],
[[352,271],[367.565,268.897],[368.61,276.628],[353.045,278.731]],
[[352,286],[364.763,284.613],[365.846,294.576],[353.083,295.963]],
[[353,48],[370.922,48.6244],[370.704,54.8871],[352.782,54.2627]],
[[353,321],[372.561,323.314],[371.389,333.223],[351.828,330.909]],
[[354,157],[365.326,154.857],[366.459,160.845],[355.133,162.988]],
[[355,350],[371.317,349.371],[371.615,357.102],[355.298,357.73]],
[[356,314],[370.459,313.795],[370.548,320.11],[356.089,320.315]],
[[356,359],[370.499,357.827],[371.146,365.823],[356.647,366.996]],
[[356,457],[372.07,456.649],[372.321,468.14],[356.251,468.49]],
[[356,648],[373.65,650.963],[371.592,663.218],[353.942,660.255]],
[[358,495],[371.999,497.992],[370.107,506.846],[356.108,503.854]],
[[360,416],[372.476,414.556],[373.801,426.008],[361.325,427.452]],
[[360,510],[373.884,511.639],[372.76,521.162],[358.876,519.522]],
[[360,600],[378.63,599.344],[379.033,610.761],[360.402,611.418]],
[[360,631],[372.047,629.311],[372.869,635.172],[360.822,636.861]],
[[361,143],[375.383,143.191],[375.258,152.618],[360.875,152.427]],
[[361,223],[374.1,224.208],[373.262,233.286],[360.163,232.078]],
[[361,257],[377.01,256.518],[377.252,264.55],[361.242,265.032]],
[[361,561],[374.856,561.591],[374.499,569.975],[360.642,569.384]],
[[361,637],[376.638,638.125],[375.829,649.37],[360.191,648.246]],
[[362,73],[376.275,73.1365],[376.189,82.1931],[361.913,82.0566]],
[[362,371],[380.149,369.572],[381.131,382.038],[362.981,383.466]],
[[362,579],[377.233,579.56],[376.862,589.657],[361.629,589.097]],
[[363,302],[378.134,300.885],[378.984,312.432],[363.851,313.547]],
[[363,619],[378.935,615.514],[381.141,625.597],[365.205,629.083]],
[[364,476],[376.555,475.872],[376.643,484.515],[364.088,484.643]],
[[365,57],[381.222,58.4449],[380.292,68.8804],[364.07,67.4355]],
[[365,338],[378.158,337.34],[378.6,346.147],[365.442,346.807]],
[[365,440],[377.563,439.562],[377.915,449.642],[365.352,450.08]],
[[366,428],[379.727,429.843],[378.587,438.334],[364.86,436.491]],
[[367,117],[383.023,116.11],[383.731,128.864],[367.709,129.755]],
[[367,131],[382.822,133.405],[381.28,143.547],[365.458,141.142]],
[[367,283],[382.257,279.584],[384.319,288.795],[369.062,292.211]],
[[368,241],[387.52,240.134],[388.003,251.04],[368.484,251.906]],
[[369,161],[387.415,162.413],[386.503,174.298],[368.088,172.885]],
[[370,108],[386.496,109.769],[385.982,114.564],[369.486,112.795]],
[[370,208],[383.382,209.815],[381.535,223.435],[368.153,221.62]],
[[371,187],[383.359,186.382],[383.676,192.728],[371.317,193.346]],
[[371,388],[384.814,388.912],[384.009,401.104],[370.195,400.192]],
[[371,404],[387.524,404.378],[387.319,413.344],[370.795,412.966]],
[[372,235],[387.509,234.424],[387.643,238.027],[372.134,238.603]],
[[372,489],[388.71,489.084],[388.675,496.019],[371.965,495.935]],
[[373,85],[389.547,85.466],[389.256,95.8],[372.709,95.334]],
[[373,98],[387.984,96.5174],[388.759,104.354],[373.775,105.836]],
[[373,354],[390.04,354.868],[389.485,365.763],[372.445,364.895]],
[[373,540],[384.892,540.739],[384.245,551.136],[372.354,550.397]],
[[374,325],[387.579,328.46],[385.591,336.264],[372.012,332.805]],
[[374,505],[388.79,503.121],[389.89,511.776],[375.1,513.655]],
[[375,554],[389.448,552.106],[390.176,557.654],[375.727,559.548]],
[[376,151],[390.12,152.287],[389.248,161.848],[375.129,160.561]],
[[376,459],[386.405,458.272],[387.126,468.574],[376.721,469.302]],
[[377,196],[395.062,195.159],[395.646,207.699],[377.584,208.54]],
[[377,563],[391.418,563.748],[390.838,574.918],[376.421,574.17]],
[[378,47],[389.112,45.4881],[390.265,53.9671],[379.154,55.479]],
[[378,319],[394.102,316.673],[395.065,323.339],[378.963,325.665]],
[[378,627],[392.712,625.71],[393.517,634.89],[378.805,636.18]],
[[379,175],[392.908,174.804],[393.039,184.132],[379.131,184.328]],
[[380,422],[394.741,421.827],[394.831,429.482],[380.09,429.656]],
[[380,530],[397.17,526.859],[398.486,534.054],[381.316,537.195]],
[[380,592],[392.312,593.017],[391.559,602.129],[379.247,601.112]],
[[380,603],[392.846,603.501],[392.437,613.984],[379.591,613.483]],
[[381,68],[395.813,67.4107],[396.059,73.5847],[381.246,74.1739]],
[[382,222],[392.41,221.676],[392.711,231.323],[382.3,231.647]],
[[382,293],[397.044,292.142],[397.407,298.498],[382.363,299.356]],
[[382,643],[399.433,640.655],[401.484,655.901],[384.051,658.246]],
[[383,132],[394.593,130.178],[395.682,137.103],[384.088,138.925]],
[[383,439],[398.546,439.072],[398.494,450.219],[382.948,450.147]],
[[384,340],[398.361,341.9],[397.189,350.761],[382.828,348.862]],
[[384,582],[398.919,579.645],[400,586.492],[385.081,588.847]],
[[385,185],[398.48,183.544],[399.427,192.318],[385.948,193.774]],
[[386,74],[401.09,75.0628],[400.51,83.2987],[385.42,82.2359]],
[[386,209],[398.39,209.042],[398.356,219.142],[385.966,219.1]],
[[386,256],[401.209,257.318],[400.531,265.139],[385.322,263.821]],
[[387,515],[402.828,514.564],[403.109,524.766],[387.281,525.202]],
[[388,372],[404.024,374.109],[403.043,381.556],[387.02,379.447]],
[[388,412],[401.617,414.185],[400.376,421.92],[386.759,419.735]],
[[388,469],[407.872,467.067],[408.502,473.548],[388.63,475.481]],
[[389,103],[406.256,102.918],[406.309,113.987],[389.053,114.069]],
[[389,139],[406.607,138.532],[406.912,149.999],[389.305,150.467]],
[[389,385],[401.54,384.264],[402.041,392.797],[389.501,393.534]],
[[389,543],[403.269,540.92],[404.38,548.544],[390.111,550.624]],
[[390,268],[404.599,264.394],[406.624,272.595],[392.026,276.201]],
[[391,45],[403.12,44.7989],[403.31,56.2116],[391.189,56.4127]],
[[391,84],[404.842,85.6733],[403.469,97.0331],[389.627,95.3598]],
[[391,116],[406.925,117.554],[405.808,129.001],[389.883,127.447]],
[[391,153],[404.159,152.653],[404.509,165.94],[391.35,166.287]],
[[391,234],[405.542,232.225],[406.695,241.671],[392.153,243.446]],
[[391,300],[404.899,298.271],[406.12,308.083],[392.221,309.812]],
[[391,487],[404.458,487.937],[403.844,496.756],[390.386,495.819]],
[[392,279],[403.537,279.989],[402.952,286.806],[391.416,285.816]],
[[392,510],[408.001,510.017],[407.996,514.36],[391.995,514.343]],
[[392,556],[407.307,554.702],[408.121,564.296],[392.814,565.594]],
[[392,618],[407.472,618.371],[407.302,625.423],[391.831,625.053]],
[[393,363],[407.102,364.6],[406.299,371.683],[392.196,370.083]],
[[393,600],[410.649,600.029],[410.631,610.694],[392.982,610.665]],
[[394,569],[409.699,567.966],[410.324,577.456],[394.625,578.49]],
[[395,327],[405.668,327.514],[405.151,338.242],[394.483,337.728]],
[[395,354],[406.906,353.539],[407.248,362.357],[395.342,362.819]],
[[395,476],[411.418,474.554],[411.76,478.433],[395.342,479.879]],
[[396,626],[411.069,625.813],[411.184,635.035],[396.115,635.222]],
[[397,62],[412.866,63.5946],[412.091,71.3124],[396.224,69.7178]],
[[397,314],[412.496,313.564],[412.802,324.424],[397.305,324.86]],
[[397,403],[414.704,403.049],[414.675,413.261],[396.972,413.212]],
[[397,422],[412.971,422.042],[412.94,433.906],[396.969,433.864]],
[[398,198],[413.533,198.091],[413.493,205.024],[397.96,204.934]],
[[401,243],[416.872,241.698],[417.358,247.617],[401.486,248.92]],
[[402,213],[417.662,212.573],[417.977,224.103],[402.315,224.53]],
[[402,460],[417.533,461.012],[417.102,467.635],[401.569,466.623]],
[[403,249],[416.488,250.841],[415.533,257.84],[402.045,256]],
[[403,518],[416.572,514.735],[419.72,527.819],[406.148,531.084]],
[[403,581],[415.434,578.864],[417.141,588.799],[404.707,590.935]],
[[403,637],[412.936,635.796],[414.477,648.509],[404.541,649.713]],
[[404,443],[417.512,440.996],[419.184,452.273],[405.673,454.277]],
[[405,169],[419.039,170.462],[418.158,178.925],[404.119,177.463]],
[[405,185],[420.428,184.657],[420.674,195.687],[405.245,196.03]],
[[405,226],[422.812,224.259],[423.669,233.026],[405.857,234.767]],
[[405,537],[419.085,538.768],[418.02,547.255],[403.935,545.487]],
[[406,281],[416.612,281.388],[416.245,291.435],[405.633,291.047]],
[[406,495],[418.659,492.98],[420.172,502.461],[407.513,504.481]],
[[407,96],[422.464,93.1642],[423.688,99.8399],[408.224,102.676]],
[[408,79],[421.604,78.741],[421.87,92.7093],[408.266,92.9683]],
[[408,293],[420.078,292.606],[420.357,301.13],[408.278,301.525]],
[[409,47],[428.118,49.0598],[427.093,58.5782],[407.974,56.5184]],
[[409,363],[425.407,363.123],[425.333,372.856],[408.927,372.732]],
[[410,109],[424.95,107.435],[425.786,115.417],[410.835,116.982]],
[[410,380],[427.707,379.725],[427.925,393.713],[410.218,393.989]],
[[411,332],[427.898,331.729],[428,338.126],[411.103,338.397]],
[[411,480],[426.979,483.008],[425.025,493.391],[409.046,490.384]],
[[413,556],[428.166,553.464],[430.028,564.597],[414.862,567.133]],
[[414,150],[426.726,150.481],[426.295,161.871],[413.569,161.389]],
[[414,506],[426.369,505.648],[426.599,513.743],[414.23,514.095]],
[[414,593],[427.395,594.54],[426.209,604.862],[412.814,603.322]],
[[415,259],[428.276,259.262],[428.026,271.909],[414.75,271.646]],
[[415,471],[433.574,471.307],[433.415,480.909],[414.841,480.602]],
[[415,608],[429.353,606.651],[429.984,613.375],[415.632,614.723]],
[[415,635],[429.968,635.518],[429.599,646.198],[414.63,645.68]],
[[416,304],[434.585,301.848],[435.934,313.493],[417.349,315.645]],
[[416,400],[429.119,398.669],[430.332,410.628],[417.213,411.959]],
[[417,134],[428.968,134.814],[428.127,147.186],[416.159,146.372]],
[[417,274],[432.732,274.191],[432.54,289.947],[416.808,289.755]],
[[417,317],[430.21,318.196],[429.375,327.423],[416.165,326.227]],
[[417,620],[429.858,617.37],[432.284,629.229],[419.426,631.859]],
[[418,428],[431.673,424.392],[434.706,435.89],[421.034,439.497]],
[[418,464],[429.889,464.677],[429.579,470.109],[417.691,469.432]],
[[419,243],[432.345,243.914],[431.466,256.755],[418.12,255.841]],
[[419,340],[436.477,339.906],[436.516,347.267],[419.039,347.361]],
[[420,349],[436.169,351.689],[434.153,363.814],[417.984,361.125]],
[[420,514],[434.618,513.556],[434.93,523.862],[420.313,524.305]],
[[420,538],[434.409,536.892],[435.428,550.137],[421.018,551.245]],
[[420,573],[435.369,567.74],[438.783,577.712],[423.413,582.973]],
[[421,123],[437.386,122.457],[437.698,131.879],[421.312,132.423]],
[[421,295],[432.448,295.493],[432.169,301.954],[420.722,301.461]],
[[421,528],[436.654,527.667],[436.752,532.285],[421.098,532.618]],
[[422,59],[437.353,58.7896],[437.511,70.3067],[422.158,70.5171]],
[[423,199],[438.164,199.89],[437.533,210.631],[422.37,209.741]],
[[424,170],[436.719,171.319],[435.519,182.885],[422.801,181.566]],
[[425,88],[440.767,88.9393],[440.029,101.33],[424.262,100.391]],
[[425,185],[441.853,186.048],[441.157,197.251],[424.303,196.203]],
[[426,110],[440.574,107.579],[442.508,119.221],[427.934,121.642]],
[[426,494],[437.721,494.123],[437.632,502.629],[425.911,502.506]],
[[428,160],[441.92,160.378],[441.722,167.664],[427.802,167.287]],
[[428,211],[438.474,211.608],[437.946,220.703],[427.472,220.094]],
[[428,227],[443.598,226.703],[443.741,234.212],[428.143,234.509]],
[[428,414],[439.937,413.879],[440.012,421.285],[428.075,421.406]],
[[428,484],[446.584,484.329],[446.428,493.112],[427.845,492.783]],
[[428,592],[437.756,592.206],[437.558,601.602],[427.801,601.396]],
[[429,73],[444.044,72.7478],[444.218,83.14],[429.174,83.3923]],
[[430,390],[441.86,391.203],[441.295,396.772],[429.435,395.569]],
[[430,444],[443.806,445.179],[443.188,452.426],[429.381,451.247]],
[[431,149],[445.309,150.179],[444.612,158.643],[430.303,157.464]],
[[431,453],[442.087,454.951],[440.302,465.094],[429.215,463.143]],
[[431,633],[441.363,632.718],[441.669,643.938],[431.306,644.22]],
[[432,260],[445.513,259.028],[446.51,272.889],[432.997,273.861]],
[[433,583],[446.314,583.017],[446.303,591.577],[432.989,591.56]],
[[434,235],[448.823,236.333],[448.088,244.502],[433.265,243.169]],
[[434,277],[449.719,277.941],[449.156,287.347],[433.437,286.406]],
[[434,605],[446.407,607.349],[444.884,615.393],[432.477,613.044]],
[[435,302],[446.546,301.048],[447.179,308.73],[435.633,309.682]],
[[435,433],[448.581,431.652],[449.391,439.811],[435.81,441.159]],
[[436,244],[453.171,245.115],[452.899,249.29],[435.729,248.175]],
[[436,549],[450.02,548.796],[450.186,560.225],[436.166,560.429]],
[[437,356],[452.007,358.423],[450.969,364.851],[435.962,362.428]],
[[439,134],[450.088,134.457],[449.664,144.761],[438.576,144.304]],
[[439,378],[452.997,378.934],[452.277,389.709],[438.281,388.775]],
[[439,467],[457.921,469.299],[456.698,479.366],[437.777,477.067]],
[[439,500],[452.725,498.979],[453.087,503.858],[439.363,504.879]],
[[439,562],[452.883,561.68],[453.057,569.261],[439.174,569.581]],
[[439,593],[456.516,592.872],[456.594,603.513],[439.078,603.641]],
[[440,367],[456.695,365.443],[457.279,371.701],[440.584,373.258]],
[[440,508],[452.206,506.351],[453.542,516.24],[441.336,517.889]],
[[441,169],[456.76,168.295],[457.208,178.306],[441.448,179.011]],
[[442,332],[454.268,332.528],[453.716,345.342],[441.449,344.814]],
[[442,520],[455.215,520.163],[455.093,530.119],[441.877,529.957]],
[[442,620],[458.867,619.212],[459.278,628.023],[442.412,628.811]],
[[443,180],[454.701,179.595],[454.958,187.017],[443.257,187.422]],
[[443,392],[454.598,390.67],[455.752,400.736],[444.154,402.066]],
[[443,530],[456.52,531.611],[455.503,540.147],[441.983,538.536]],
[[444,111],[456.42,111.693],[455.866,121.629],[443.446,120.936]],
[[444,320],[460.849,320.542],[460.519,330.817],[443.669,330.275]],
[[444,421],[460.66,420.25],[461.021,428.283],[444.361,429.032]],
[[445,154],[461.961,153.271],[462.522,166.329],[445.561,167.058]],
[[445,404],[460.672,404.651],[460.238,415.099],[444.566,414.449]],
[[445,442],[460.181,444.075],[459.506,449.017],[444.324,446.942]],
[[446,209],[461.133,209.591],[460.546,224.618],[445.413,224.027]],
[[447,453],[465.241,452.503],[465.532,463.19],[447.291,463.686]],
[[447,574],[462.308,573.524],[462.605,583.071],[447.297,583.547]],
[[447,605],[461.113,605.377],[460.856,614.979],[446.743,614.602]],
[[448,102],[464.378,101.359],[464.714,109.943],[448.336,110.584]],
[[448,296],[460.02,294.509],[460.697,299.964],[448.677,301.455]],
[[448,304],[464.186,303.935],[464.217,311.688],[448.031,311.754]],
[[449,86],[463.761,85.4994],[464.085,95.0598],[449.324,95.5603]],
[[449,256],[464.249,258.874],[462.695,267.12],[447.446,264.246]],
[[449,629],[462.097,632.026],[459.578,642.928],[446.481,639.902]],
[[450,189],[462.649,186.527],[464.73,197.172],[452.081,199.646]],
[[451,74],[464.928,72.8739],[465.518,80.17],[451.59,81.2961]],
[[451,126],[463.637,130.504],[461.696,135.948],[449.06,131.444]],
[[451,266],[465.382,267.524],[464.533,275.536],[450.151,274.012]],
[[452,64],[467.977,64.6116],[467.703,71.7752],[451.726,71.1637]],
[[454,228],[468.569,226.653],[469.483,236.538],[454.914,237.885]],
[[454,340],[464.086,339.362],[464.914,352.447],[454.828,353.085]],
[[455,385],[471.584,383.881],[471.96,389.46],[455.376,390.579]],
[[455,488],[468.977,491.638],[467.533,497.184],[453.556,493.546]],
[[456,241],[472.331,241.968],[471.676,253.022],[455.345,252.054]],
[[456,547],[469.466,545.402],[470.694,555.751],[457.228,557.349]],
[[457,116],[470.557,114.992],[471.417,126.558],[457.86,127.567]],
[[459,354],[474.821,356.092],[473.013,369.769],[457.192,367.678]],
[[459,585],[475.282,582.415],[476.544,590.363],[460.262,592.948]],
[[460,559],[472.762,560.841],[471.351,570.629],[458.588,568.788]],
[[461,138],[478.261,138.253],[478.105,148.882],[460.844,148.629]],
[[462,469],[475.203,467.939],[476.181,480.096],[462.977,481.157]],
[[462,601],[474.646,600.648],[474.88,609.029],[462.234,609.381]],
[[462,614],[475.554,613.688],[475.776,623.343],[462.222,623.656]],
[[463,161],[476.521,161.619],[475.902,175.129],[462.381,174.509]],
[[463,282],[477.147,283.964],[475.651,294.738],[461.504,292.774]],
[[463,423],[480.005,425.648],[478.614,434.582],[461.609,431.934]],
[[464,150],[480.298,151.841],[479.366,160.089],[463.068,158.248]],
[[464,375],[480.112,377.196],[479.173,384.085],[463.061,381.89]],
[[464,396],[477.446,395.635],[477.709,405.369],[464.264,405.733]],
[[464,529],[475.39,531.089],[473.249,542.757],[461.86,540.667]],
[[464,571],[481.138,570.657],[481.353,581.372],[464.215,581.715]],
[[465,501],[480.008,502.444],[479.326,509.531],[464.318,508.087]],
[[466,180],[479.249,180.172],[479.13,189.368],[465.881,189.196]],
[[466,205],[478.916,206.678],[477.507,217.518],[464.592,215.84]],
[[466,265],[483.558,264.056],[484.033,272.885],[466.475,273.829]],
[[466,435],[483.834,436.053],[483.349,444.259],[465.515,443.206]],
[[466,625],[484.402,622.378],[485.539,630.354],[467.137,632.976]],
[[467,81],[481.365,80.5918],[481.726,93.3137],[467.362,93.7219]],
[[467,195],[476.406,195.978],[475.709,202.685],[466.303,201.707]],
[[467,515],[481.674,513.344],[482.088,517.012],[467.414,518.668]],
[[468,309],[478.383,309.678],[477.673,320.562],[467.29,319.884]],
[[468,413],[481.804,413.451],[481.512,422.385],[467.708,421.935]],
[[469,67],[486.548,68.6693],[485.514,79.5412],[467.966,77.8719]],
[[469,334],[482.35,335.32],[481.168,347.277],[467.818,345.957]],
[[469,444],[483.493,445.189],[482.879,452.681],[468.385,451.492]],
[[469,520],[480.025,521.117],[479.182,529.442],[468.157,528.325]],
[[470,453],[482.958,453.624],[482.286,467.589],[469.327,466.965]],
[[472,301],[485.073,301.817],[484.617,309.108],[471.544,308.291]],
[[474,105],[487.479,105.702],[486.997,114.961],[473.518,114.259]],
[[474,550],[485.894,550.737],[485.24,561.283],[473.346,560.546]],
[[475,368],[490.999,370.035],[489.995,377.929],[473.996,375.894]],
[[475,481],[486.896,479.581],[487.866,487.71],[475.969,489.129]],
[[476,323],[488.259,320.659],[489.734,328.381],[477.475,330.723]],
[[477,232],[493.619,231.668],[493.846,243.04],[477.227,243.372]],
[[478,95],[495.184,95.5385],[494.922,103.902],[477.738,103.364]],
[[479,254],[495.168,250.698],[497.225,260.77],[481.057,264.072]],
[[479,610],[490.681,610.571],[490.293,618.493],[478.612,617.922]],
[[480,217],[492.145,218.399],[490.778,230.261],[478.633,228.862]],
[[480,291],[493.187,290.896],[493.266,300.909],[480.079,301.013]],
[[480,395],[492.233,394.109],[492.927,403.644],[480.694,404.535]],
[[480,586],[494.242,586.918],[493.552,597.613],[479.31,596.695]],
[[481,118],[495.675,119.318],[494.85,128.506],[480.175,127.188]],
[[481,154],[492.958,153.926],[493.028,165.282],[481.07,165.356]],
[[481,350],[494.309,350.199],[494.135,361.874],[480.826,361.675]],
[[481,490],[496.196,489.831],[496.32,500.922],[481.123,501.09]],
[[481,601],[492.771,602.142],[492.177,608.265],[480.406,607.124]],
[[482,145],[494.19,143.513],[495.21,151.871],[483.019,153.358]],
[[482,189],[496.737,188.676],[496.931,197.504],[482.194,197.828]],
[[484,274],[499.301,274.622],[498.918,284.062],[483.616,283.44]],
[[484,340],[498.526,340.154],[498.429,349.301],[483.903,349.146]],
[[484,417],[500.324,416.127],[500.848,425.912],[484.523,426.785]],
[[484,502],[499.756,501.757],[499.943,513.895],[484.187,514.138]],
[[484,571],[496.199,570.932],[496.25,580.034],[484.051,580.102]],
[[485,133],[501.763,130.958],[502.765,139.187],[486.002,141.229]],
[[485,172],[498.902,171.069],[499.63,181.942],[485.728,182.873]],
[[485,199],[500.354,197.386],[501.423,207.553],[486.069,209.167]],
[[487,557],[501.236,558.508],[500.057,569.637],[485.821,568.13]],
[[488,105],[501.515,105.927],[500.845,115.703],[487.329,114.776]],
[[488,465],[501.912,466.594],[500.858,475.796],[486.945,474.201]],
[[488,527],[504.363,530.482],[501.739,542.814],[485.376,539.332]],
[[489,451],[506.32,453.165],[505.068,463.18],[487.748,461.016]],
[[490,82],[505.266,82.2417],[505.13,90.8024],[489.864,90.5608]],
[[490,210],[504.546,208.572],[505.255,215.793],[490.709,217.221]],
[[490,383],[507.422,383.018],[507.412,392.585],[489.99,392.567]],
[[490,428],[506.404,425.744],[507.741,435.466],[491.337,437.721]],
[[490,477],[502.068,478.73],[500.833,487.347],[488.765,485.617]],
[[491,547],[504.513,548.721],[503.338,557.947],[489.825,556.226]],
[[493,158],[509.083,156.387],[509.827,163.799],[493.743,165.412]],
[[493,371],[502.844,371.723],[502.137,381.342],[492.293,380.619]],
[[493,517],[507.145,520.529],[505.335,527.781],[491.191,524.252]],
[[494,440],[511.3,441.169],[510.757,449.21],[493.457,448.041]],
[[495,287],[508.071,287.804],[507.543,296.388],[494.472,295.583]],
[[495,321],[512.512,319.314],[513.466,329.231],[495.955,330.917]],
[[495,586],[511.028,586.24],[510.923,593.206],[494.896,592.965]],
[[495,594],[512.687,594.143],[512.602,604.675],[494.915,604.532]],
[[496,93],[510.065,91.1301],[511.145,99.2534],[497.08,101.123]],
[[496,238],[509.709,240.77],[508.53,246.607],[494.821,243.838]],
[[496,306],[510.012,304.851],[511.135,318.548],[497.123,319.697]],
[[497,571],[509.906,571.398],[509.627,580.453],[496.721,580.055]],
[[498,146],[513.328,144.833],[514.025,153.979],[498.696,155.146]],
[[498,265],[515.107,263.93],[515.516,270.475],[498.409,271.544]],
[[499,253],[512.064,251.7],[513.183,262.945],[500.119,264.245]],
[[499,357],[515.186,356.014],[515.535,361.748],[499.349,362.734]],
[[500,404],[514.188,404.51],[513.959,410.893],[499.77,410.383]],
[[500,511],[513.245,508.44],[514.582,515.36],[501.337,517.92]],
[[501,178],[512.858,178.985],[511.586,194.286],[499.729,193.301]],
[[501,220],[514.99,219.813],[515.071,225.901],[501.081,226.088]],
[[501,608],[512.892,609.727],[511.455,619.624],[499.563,617.897]],
[[502,228],[516.453,229.568],[515.472,238.614],[501.019,237.046]],
[[503,108],[516.615,107.625],[516.917,118.576],[503.302,118.951]],
[[503,196],[518.048,195.866],[518.115,203.385],[503.067,203.52]],
[[504,334],[520.263,335.725],[519.593,342.048],[503.329,340.323]],
[[506,493],[520.191,491.469],[521.34,502.126],[507.15,503.657]],
[[507,125],[522.981,122.006],[524.437,129.779],[508.456,132.772]],
[[507,209],[521.097,209.309],[520.903,218.178],[506.806,217.87]],
[[507,364],[524.429,361.814],[525.719,372.096],[508.29,374.282]],
[[507,561],[520.641,560.147],[521.274,570.249],[507.632,571.102]],
[[508,462],[520.042,461.765],[520.232,471.497],[508.19,471.733]],
[[508,550],[523.055,549.361],[523.486,559.511],[508.431,560.15]],
[[509,395],[523.436,395.013],[523.428,404.101],[508.992,404.087]],
[[509,523],[525.976,522.141],[526.48,532.119],[509.505,532.978]],
[[510,241],[526.594,240.788],[526.708,249.656],[510.113,249.867]],
[[510,478],[526.864,478.68],[526.423,489.615],[509.559,488.935]],
[[511,92],[523.849,88.4543],[526.349,97.5133],[513.5,101.059]],
[[511,375],[526.972,379.277],[523.952,390.554],[507.98,386.277]],
[[512,272],[525.862,271.053],[526.492,280.287],[512.631,281.234]],
[[512,296],[527.373,296.36],[527.112,307.494],[511.739,307.134]],
[[512,416],[524.692,416.15],[524.55,428.175],[511.858,428.025]],
[[512,450],[529.296,450.847],[528.76,461.776],[511.465,460.929]],
[[512,573],[528.237,573.591],[527.939,581.799],[511.701,581.209]],
[[513,429],[529.098,428.288],[529.4,435.115],[513.302,435.827]],
[[514,132],[529.056,132.723],[528.566,142.92],[513.51,142.197]],
[[514,144],[530.34,143.689],[530.562,155.376],[514.223,155.688]],
[[514,346],[529.768,347.321],[529.371,352.069],[513.602,350.749]],
[[514,534],[529.23,532.921],[529.819,541.245],[514.59,542.324]],
[[516,508],[534.875,509.777],[533.798,521.211],[514.924,519.434]],
[[517,103],[531.933,101.031],[532.966,108.865],[518.033,110.834]],
[[517,113],[535.185,112.142],[535.584,120.608],[517.4,121.467]],
[[517,179],[532.621,178.159],[533.122,187.475],[517.502,188.316]],
[[518,190],[533.926,189.352],[534.432,201.785],[518.506,202.432]],
[[518,221],[530.838,222.707],[529.569,232.25],[516.731,230.543]],
[[519,405],[533.544,405.459],[533.296,413.306],[518.752,412.847]],
[[520,591],[534.514,593.372],[532.651,604.776],[518.136,602.404]],
[[521,319],[538.409,318.626],[538.67,330.789],[521.261,331.162]],
[[521,333],[532.806,332.864],[532.918,342.591],[521.112,342.727]],
[[522,164],[535.948,164.924],[535.193,176.322],[521.245,175.399]],
[[522,436],[534.449,439.115],[532.515,446.845],[520.066,443.731]],
[[523,288],[535.208,286.391],[536.191,293.851],[523.984,295.46]],
[[523,583],[535.684,582.925],[535.727,590.233],[523.043,590.307]],
[[524,494],[539.529,492.505],[540.475,502.337],[524.946,503.832]],
[[525,208],[541.916,205.032],[543.699,215.194],[526.783,218.162]],
[[525,393],[538.921,393.213],[538.802,400.997],[524.881,400.784]],
[[527,236],[543.596,235.714],[543.799,247.486],[527.203,247.773]],
[[527,414],[540.977,413.268],[541.447,422.244],[527.47,422.976]],
[[527,479],[541.22,476.117],[543.091,485.346],[528.871,488.229]],
[[528,253],[541.082,252.99],[541.092,265.677],[528.01,265.687]],
[[528,371],[542.271,371.35],[542.028,381.256],[527.757,380.906]],
[[528,548],[542.865,549.13],[542.108,559.08],[527.243,557.95]],
[[529,270],[542.629,268.758],[543.321,276.349],[529.692,277.591]],
[[529,466],[542.952,465.473],[543.262,473.679],[529.31,474.206]],
[[530,381],[544.198,381.66],[543.782,390.609],[529.584,389.949]],
[[530,561],[543.915,561.427],[543.615,571.223],[529.7,570.797]],
[[531,346],[549.199,348.452],[547.959,357.655],[529.76,355.203]],
[[531,432],[542.27,432.514],[542.021,437.971],[530.751,437.457]],
[[532,306],[548.203,307.705],[547.465,314.711],[531.263,313.006]],
[[533,138],[545.66,138.747],[545.185,146.782],[532.526,146.035]],
[[533,220],[548.412,216.216],[551.046,226.944],[535.634,230.728]],
[[534,454],[550.708,451.921],[551.889,461.416],[535.181,463.494]],
[[534,531],[552.328,529.187],[553.698,543.042],[535.37,544.855]],
[[535,358],[554.668,359.242],[553.905,371.331],[534.237,370.09]],
[[535,441],[548.857,439.325],[549.888,447.856],[536.031,449.531]],
[[535,517],[548.081,516.082],[548.798,526.299],[535.717,527.216]],
[[536,153],[550.579,154.388],[549.607,164.592],[535.029,163.204]],
[[536,170],[551.009,168.265],[552.346,179.826],[537.337,181.561]],
[[536,401],[550.126,402.222],[549.416,410.434],[535.289,409.211]],
[[537,334],[553.425,331.233],[555.156,341.507],[538.731,344.273]],
[[537,581],[550.999,578.964],[552.569,589.758],[538.57,591.794]],
[[538,278],[554.196,275.304],[555.967,285.944],[539.771,288.64]],
[[539,115],[551.575,114.414],[552.154,126.85],[539.579,127.435]],
[[542,189],[553.726,188.209],[554.148,194.464],[542.422,195.255]],
[[542,290],[553.41,290.077],[553.362,297.217],[541.952,297.14]],
[[543,411],[558.002,410.993],[558.008,424.85],[543.006,424.857]],
[[544,549],[555.88,547.016],[557.162,554.698],[545.283,556.682]],
[[546,427],[558.464,427.045],[558.431,436.035],[545.967,435.989]],
[[546,488],[560.225,489.806],[558.845,500.67],[544.621,498.865]],
[[546,504],[563.506,502.018],[564.545,511.2],[547.04,513.182]],
[[547,131],[559.64,130.264],[560.521,145.391],[547.881,146.127]],
[[548,319],[562.579,318.053],[563.151,326.856],[548.572,327.803]],
[[548,389],[566.215,391.271],[565.045,400.654],[546.83,398.384]],
[[549,477],[561.326,475.88],[561.824,481.354],[549.497,482.474]],
[[549,563],[566.089,563.731],[565.731,572.106],[548.642,571.375]],
[[551,195],[566.053,194.443],[566.323,201.748],[551.27,202.305]],
[[552,514],[565.629,514.263],[565.392,526.584],[551.763,526.322]],
[[553,301],[567.469,302.772],[566.08,314.113],[551.611,312.342]],
[[553,447],[565.554,446.521],[565.991,457.989],[553.438,458.468]],
[[553,461],[568.669,462.583],[567.366,475.477],[551.698,473.894]],
[[554,233],[563.717,235.07],[561.898,243.609],[552.181,241.539]],
[[554,252],[567.208,251.098],[567.746,258.978],[554.538,259.879]],
[[555,204],[571.256,202.095],[572.476,212.511],[556.22,214.415]],
[[555,354],[569.871,352.024],[571.372,363.32],[556.501,365.296]],
[[555,381],[570.951,381.528],[570.753,387.499],[554.802,386.971]],
[[556,262],[569.405,261.985],[569.417,272.616],[556.012,272.631]],
[[560,429],[573.497,428.474],[573.981,440.885],[560.484,441.412]],
[[561,130],[575.634,129.548],[575.969,140.384],[561.334,140.836]],
[[561,159],[577.02,161.547],[575.524,170.956],[559.504,168.41]],
[[561,334],[577.845,336.994],[575.727,348.907],[558.883,345.914]],
[[561,404],[576.234,404.945],[575.565,415.716],[560.332,414.771]],
[[562,172],[576.472,171.737],[576.683,183.345],[562.211,183.608]],
[[562,279],[576.944,279.417],[576.61,291.373],[561.667,290.956]],
[[562,369],[573.286,369.964],[572.467,379.541],[561.182,378.576]],
[[562,419],[574.131,421.108],[572.866,428.387],[560.735,426.279]],
[[564,216],[579.085,215.088],[579.78,226.574],[564.695,227.487]],
[[565,533],[578.806,532.826],[578.918,541.759],[565.112,541.933]],
[[566,232],[582.009,234.068],[580.577,245.154],[564.568,243.087]],
[[566,321],[586.448,319.527],[587.322,331.655],[566.874,333.129]],
[[566,551],[578.84,552.67],[577.688,561.529],[564.848,559.859]],
[[568,142],[584.25,140.93],[584.973,151.91],[568.723,152.98]],
[[568,153],[579.961,154.14],[579.323,160.83],[567.362,159.69]],
[[568,486],[581.648,485.092],[582.123,492.234],[568.475,493.142]],
[[569,306],[584.221,307.005],[583.756,314.056],[568.534,313.051]],
[[570,192],[584.557,191.119],[585.111,200.267],[570.554,201.148]],
[[570,271],[582.795,270.799],[582.916,278.504],[570.121,278.705]],
[[570,471],[584.35,472.365],[583.143,485.059],[568.793,483.695]],
[[570,498],[584.296,497.73],[584.482,507.562],[570.186,507.832]],
[[571,354],[586.394,352.444],[587.116,359.578],[571.721,361.135]],
[[571,455],[585.554,456.889],[584.534,464.747],[569.98,462.858]],
[[572,256],[582.816,257.023],[581.784,267.931],[570.968,266.908]],
[[572,444],[585.462,444.318],[585.31,450.753],[571.848,450.436]],
[[574,383],[592.967,385.735],[591.448,396.267],[572.481,393.533]],
[[574,542],[589.549,541.908],[589.601,550.615],[574.052,550.707]],
[[576,300],[591.728,301.727],[591.218,306.371],[575.49,304.644]],
[[576,367],[588.124,368.447],[587.014,377.75],[574.89,376.303]],
[[576,413],[589.508,413.539],[589.098,423.817],[575.59,423.278]],
[[576,512],[590.3,511.122],[591.087,523.939],[576.787,524.817]],
[[578,333],[589.321,332.046],[590.059,340.803],[578.738,341.757]],
[[580,155],[598.581,153.904],[598.959,160.303],[580.377,161.399]],
[[582,397],[595.303,397.223],[595.126,407.769],[581.823,407.546]],
[[582,429],[597.708,431.219],[596.097,442.621],[580.389,440.403]],
[[582,529],[597.204,529.045],[597.174,539.154],[581.97,539.11]],
[[583,215],[597.528,216.41],[596.521,226.786],[581.993,225.376]],
[[583,260],[602.254,259.439],[602.542,269.339],[583.289,269.9]],
[[584,166],[598.098,166.938],[597.382,177.69],[583.284,176.752]],
[[586,191],[597.007,191.413],[596.613,201.919],[585.606,201.506]],
[[586,490],[603.062,490.884],[602.627,499.281],[585.565,498.397]],
[[587,237],[601.828,238.478],[600.861,248.177],[586.033,246.699]],
[[587,347],[603.127,345.155],[604.242,354.902],[588.115,356.747]],
[[587,470],[602.554,471.518],[601.264,484.737],[585.71,483.219]],
[[588,205],[603.592,204.237],[604.053,213.662],[588.461,214.425]],
[[588,250],[602.115,251.173],[601.736,255.743],[587.62,254.57]],
[[588,314],[602.891,314.824],[602.414,323.457],[587.522,322.633]],
[[589,359],[602.559,357.844],[603.227,365.677],[589.668,366.833]],
[[590,443],[605.416,443.744],[605.103,450.23],[589.687,449.485]],
[[590,451],[606.528,450.196],[607.041,460.749],[590.513,461.553]],
[[590,508],[608.744,504.684],[610.376,513.908],[591.632,517.224]],
[[591,286],[607.498,284.515],[608.509,295.744],[592.011,297.229]],
[[593,273],[609.392,273.959],[608.904,282.305],[592.512,281.346]],
[[593,327],[606.479,326.622],[606.702,334.592],[593.224,334.97]],
[[593,369],[606.67,369.199],[606.529,378.855],[592.86,378.656]],
[[594,179],[608.139,179.807],[607.553,190.069],[593.414,189.262]],
[[595,518],[610.026,516.659],[610.678,523.965],[595.652,525.306]],
[[596,389],[611.866,386.3],[613.445,395.574],[597.578,398.274]],
[[596,403],[609.757,404.906],[608.538,413.706],[594.781,411.8]],
[[599,220],[613.415,217.937],[615.032,229.239],[600.617,231.302]],
[[600,424],[615.92,423.468],[616.165,430.806],[600.245,431.337]],
[[600,432],[612.725,432.123],[612.656,439.214],[599.931,439.091]],
[[601,335],[613.023,336.461],[611.874,345.913],[599.851,344.451]],
[[602,190],[615.154,191.232],[614.117,202.309],[600.963,201.078]],
[[603,300],[616.154,300.452],[615.777,311.403],[602.624,310.951]],
[[603,479],[615.67,479.559],[615.209,489.994],[602.539,489.434]],
[[605,249],[616.884,250.091],[616.316,256.278],[604.432,255.188]],
[[607,454],[620.257,452.638],[621.083,460.677],[607.826,462.039]],
[[607,493],[620.367,493.142],[620.292,500.2],[606.925,500.058]],
[[608,465],[620.975,463.78],[621.978,474.449],[609.003,475.669]],
[[609,326],[625.953,325.378],[626.297,334.748],[609.344,335.37]],
[[609,357],[624.556,356.118],[624.997,363.892],[609.441,364.774]],
[[609,411],[624.095,412.836],[622.99,421.922],[607.895,420.086]],
[[610,366],[624.536,365.597],[624.794,374.918],[610.259,375.321]],
[[611,237],[628.376,236.252],[628.848,247.224],[611.472,247.972]],
[[611,402],[624.715,403.076],[624.069,411.308],[610.354,410.232]],
[[612,206],[625.208,205.445],[625.637,215.657],[612.429,216.212]],
[[613,382],[623.491,381.755],[623.735,392.207],[613.244,392.452]],
[[615,226],[627.911,224.741],[628.828,234.144],[615.917,235.403]],
[[615,264],[631.611,263.592],[631.843,273.034],[615.232,273.442]],
[[615,341],[630.626,340.569],[630.945,352.157],[615.32,352.588]],
[[616,483],[628.407,484.129],[627.821,490.566],[615.414,489.436]],
[[617,249],[631.508,248.287],[631.995,258.191],[617.487,258.904]],
[[617,308],[631.311,309.991],[629.889,320.209],[615.578,318.218]],
[[617,393],[630.595,393.04],[630.579,398.561],[616.984,398.522]],
[[619,278],[628.792,275.759],[630.912,285.026],[621.121,287.267]],
[[619,297],[636.214,295.948],[636.762,304.912],[619.548,305.964]],
[[619,425],[629.955,424.356],[630.46,432.948],[619.505,433.592]],
[[619,435],[637.216,437.514],[635.767,448.012],[617.551,445.498]],
[[621,450],[639.846,449.585],[639.969,455.148],[621.122,455.562]],
[[622,472],[633.213,470.42],[634.173,477.236],[622.96,478.816]],
[[625,409],[638.143,409.49],[637.896,416.119],[624.753,415.629]],
[[626,356],[643.398,357.779],[642.458,366.977],[625.06,365.198]],
[[626,383],[639.347,383.313],[639.142,392.081],[625.794,391.768]],
[[627,458],[642.335,456.181],[643.396,465.126],[628.061,466.945]],
[[632,245],[647.191,243.098],[648.246,251.523],[633.055,253.425]],
[[632,290],[650.101,292.165],[649.553,296.745],[631.452,294.58]],
[[632,367],[646.663,367.145],[646.551,378.433],[631.888,378.288]],
[[633,274],[650.142,272.878],[650.747,282.124],[633.605,283.246]],
[[633,395],[644.285,394.97],[644.308,403.788],[633.024,403.819]],
[[634,319],[653.269,316.595],[655.22,332.223],[635.95,334.628]],
[[634,337],[644.446,335.342],[645.779,343.742],[635.333,345.399]],
[[635,307],[653.739,305.469],[654.42,313.799],[635.681,315.331]],
[[635,418],[647.254,419.833],[645.725,430.057],[633.471,428.225]],
[[636,254],[648.618,255.321],[647.412,266.835],[634.795,265.514]],
[[638,432],[653.029,432.117],[652.93,444.789],[637.901,444.672]],
[[639,380],[655.421,377.65],[656.851,387.638],[640.429,389.988]],
[[639,411],[653.228,409.847],[653.773,416.565],[639.544,417.718]],
[[640,345],[655.543,342.431],[657.013,351.327],[641.471,353.896]],
[[645,334],[659.489,333.306],[659.781,339.409],[645.292,340.103]],
[[646,390],[660.3,390.511],[659.865,402.681],[645.565,402.17]],
[[648,355],[664.998,351.291],[667.589,363.167],[650.591,366.876]],
[[650,367],[664.855,370.239],[663.227,377.703],[648.372,374.464]]
]
